15 29 56 108 208 ...
400
13 -21 34 -55 89 ...
-144
-2 5 -4 3 -6 ...
1
52 56 48 64 32 ...
96
1 4 9 16 25 ...
36
1 3 7 11 13 ...
17
1 2 6 24 120 ...
720
230 460 46 92 9.2 ...
18.4
183 305 527 749 961 ...
183
3 12 24 33 66 ...
75
16 22 34 58 106 ...
202
3 5 7 11 13 ...
17
17 40 61 80 97 ...
112
8 16 24 26 48 ...
64
55 34 21 13 8 ...
5
68 36 20 12 8 ...
6
259 131 67 35 19 ...
11
18 6 24 8 32 ...
10.7
93 74 57 42 29 ...
18
99 18 36 9 18 ...
9
7 21 14 42 28 ...
84
3 8 23 68 203 ...
608
10 45 15 38 20 ...
31
2 -12 -32 -58 -90 ...
-128
1 10 17 82 145 ...
226
-2 1 6 13 22 ...
33
0 9 36 81 144 ...
225
34 -21 13 -8 5 ...
-3
1 0 1 -1 2 ...
-3